[  1.20831776e-01   3.00133256e+02   2.31629475e-01]     0.005960
[  6.78590224e-02   3.00089954e+02   6.56086589e-01]     0.030372
[   1.04663553  300.15034899    0.90050068]     0.084672
[  -1.26089208  302.01916825    1.26103306]     0.126622
[  -0.88545455  300.7931356     0.72923387]     0.085511
[ -3.28608679e-02   2.99984892e+02   2.07961261e-01]     0.012610
[  -0.78447087  301.9618427     0.93385982]     0.105683
[ -2.00316095e-01   3.00417223e+02   5.40685585e-01]     0.024769
[  -1.38134948  301.83495542    1.63664381]     0.159959
[   0.53170184  301.0028306     0.94148286]     0.075688
[   0.42298865  298.95669637    0.62756101]     0.131429
[   1.40242768  299.45588648    0.80460702]     0.126485
[  1.23325296e-01   3.00159212e+02   2.38718347e-01]     0.006738
[   1.28588758  299.1113743     1.28833362]     0.120499
[   2.45708545  296.21007187    2.30532821]     0.260719
[  1.06050101e-01   2.99919754e+02   4.15825900e-01]     0.021811
[   0.83587511  299.83319214    0.99838359]     0.076221
[  -1.15461815  301.43376971    0.8136149 ]     0.117987
[   1.03356016  301.22256775    1.10875683]     0.124905
[  4.15451931e-02   3.00085209e+02   3.85133496e-01]     0.010079
[ -6.94735173e-02   3.01226429e+02   8.90973145e-01]     0.062958
[   1.21762447  300.46730215    1.02808389]     0.107587
[  -1.00065915  301.69613796    0.92860087]     0.104960
[  -0.49075793  302.75583109    1.84591079]     0.159772
[ -1.28039106e-01   3.00189091e+02   4.33618047e-01]     0.016069
[  -0.30245813  299.842175      0.42976847]     0.058285
[   0.33489258  299.86707567    0.46284854]     0.033876
[   2.78246723  296.75196537    1.66641784]     0.244206
[   0.47952134  299.48623042    1.02805215]     0.079549
[  -0.38345198  301.07625561    1.45054283]     0.108269
[  1.00100246e-01   3.00636885e+02   4.55426837e-01]     0.033014
[  -0.39902682  302.50522603    1.19479331]     0.121259
[ -1.45518171e-02   3.00387969e+02   2.71321694e-01]     0.022332
[  1.62334155e-01   2.99798288e+02   2.37153983e-01]     0.053229
[  -1.07071236  301.3271114     0.8974216 ]     0.102551
[   0.37356434  300.09040821    0.76981619]     0.042129
[ -2.46122998e-01   3.02011891e+02   9.01818428e-01]     0.108220
[ -2.34876023e-01   3.01017091e+02   5.67607805e-01]     0.057642
[   0.36120013  298.28834043    1.69479714]     0.175075
[  2.58478891e-01   3.00009823e+02   3.01892393e-01]     0.022401
[  -0.66239037  300.52707116    0.85290795]     0.070467
[ -1.96012571e-01   3.01692183e+02   1.39698831e+00]     0.106141
[ -1.48660549e-01   3.00534293e+02   4.36834750e-01]     0.025089
[  2.72559065e-02   3.00013563e+02   1.47205054e-01]     0.005038
[  2.48889157e-01   3.00272877e+02   4.74122231e-01]     0.019094
[  -1.4666674   301.31802041    0.88938604]     0.144037
[   1.28697524  299.83746096    1.69252339]     0.146386
[ -2.59990606e-01   3.02173145e+02   9.51155375e-01]     0.115815
[   0.69521446  298.91894696    0.84796107]     0.110635
[  2.83645220e-01   3.00064278e+02   4.66868958e-01]     0.021590
[   0.63848825  300.44817445    0.8726119 ]     0.060804
[  2.16813098e-01   3.00036269e+02   3.51336070e-01]     0.015782
[  -0.7787688   302.34204836    1.11336104]     0.115239
[  -1.22834573  300.9507978     1.33354728]     0.135980
[  2.78331174e-01   2.99484472e+02   5.24635697e-01]     0.069191
[  -0.45085342  299.82105916    1.84312436]     0.171003
[  6.53789538e-02   3.00468812e+02   4.23376440e-01]     0.019016
[   0.67136761  300.0332057     0.83650326]     0.057942
[  1.95465230e-03   3.02121383e+02   1.20019132e+00]     0.112211
[  8.44394822e-02   2.98442564e+02   1.80322665e+00]     0.186642
[  2.05244900e-01   2.99970074e+02   4.99424687e-01]     0.023778
[ -1.87266096e-01   3.00091846e+02   4.19520998e-01]     0.023115
[   0.62946447  300.38187353    0.96861673]     0.065287
[  2.08747910e-01   3.00084676e+02   2.97650160e-01]     0.013620
[  -0.45221205  302.32136546    0.81913439]     0.149524
[  3.42190230e-02   2.99450467e+02   8.05417075e-01]     0.075862
[  1.16392326e-01   3.00144210e+02   3.01446501e-01]     0.005711
[  9.01544764e-02   3.00582874e+02   7.56349675e-01]     0.037090
[   0.75524861  300.01319955    1.01401345]     0.072557
[ -1.28808339e-01   3.02539185e+02   1.67146659e+00]     0.145642
[ -1.64023602e-01   3.00010954e+02   4.23155750e-01]     0.026324
[  -0.44165844  299.51021273    0.86285935]     0.101984
[  -0.84685889  300.55625509    1.12566146]     0.101703
[  -1.50240474  304.84100861    1.61008332]     0.199712
[ -4.98464783e-02   3.00325991e+02   1.64688179e+00]     0.129130
[  2.83809598e-01   3.00160932e+02   5.05844996e-01]     0.021613
[ -2.76474977e-02   3.01103360e+02   6.21834451e-01]     0.060596
[ -2.37158889e-01   3.01939390e+02   8.79537031e-01]     0.104771
[  -0.75732374  300.71376814    0.95742573]     0.080605
[  3.99097115e-02   3.00401268e+02   6.06574401e-01]     0.023442
[   0.40787843  299.44951936    0.85089711]     0.071169
[  2.05686130e-01   3.00538678e+02   3.58514031e-01]     0.041399
[   0.49790819  299.80469413    0.74199479]     0.050804
[  -0.40772448  301.97310419    1.43064782]     0.113590
[  1.60740428e-01   3.00321329e+02   4.23810023e-01]     0.014498
[  -0.6611509   301.3254516     0.69354335]     0.085713
[   1.43476733  300.73854003    1.48038794]     0.149415
[ -2.73564766e-03   3.00018116e+02   2.71846811e-01]     0.008547
[  -0.35906266  301.1062963     0.74002722]     0.057120
[   1.62409285  298.87667607    1.20915998]     0.137930
[  1.68570755e-01   3.00084748e+02   4.76706217e-01]     0.017151
[   0.75310518  298.95600946    1.01215741]     0.105379
[  2.50082599e-01   3.01816896e+02   1.02291613e+00]     0.106036
[  1.99026727e-02   3.00121535e+02   8.62344080e-02]     0.021821
[  -1.00492241  301.06556154    1.05874218]     0.100034
[  -0.58462447  302.20697825    0.86214034]     0.127598
[  5.80173046e-02   3.00488102e+02   1.14714256e+00]     0.072365
[   1.35099578  300.38318314    1.24874779]     0.122328
[ -3.05735216e-03   3.00029453e+02   1.04382320e-01]     0.003194
[   1.19633452  299.91746895    1.24420637]     0.107058
[  5.40619558e-02   2.99861675e+02   3.32844469e-01]     0.026897
[ -1.25291250e-01   3.00416769e+02   6.68604755e-01]     0.030419
[  -1.14733417  303.05736818    1.23476899]     0.147387
[  1.40541816e-01   3.00115979e+02   3.57613995e-01]     0.009083
[ -7.91985316e-03   3.01974756e+02   9.13457339e-01]     0.111578
[   0.43491091  299.47677439    0.79995671]     0.067811
[   1.40517881  299.29472315    1.49021023]     0.134301
[ -2.80134570e-01   3.00377489e+02   1.44960916e+00]     0.111627
[ -1.18918301e-01   3.00329383e+02   3.99212116e-01]     0.014230
[ -2.10056093e-01   3.01474443e+02   8.90236673e-01]     0.073522
[   0.91372093  299.53212613    0.99649325]     0.084776
[  -2.21595813  305.00411005    1.59049151]     0.223198
[   0.43888732  300.15730799    0.43273052]     0.034114
[  -0.69959385  300.93309957    1.05264914]     0.082008
[  9.28789469e-02   3.00107996e+02   2.95131721e-01]     0.004888
[   1.18242604  298.75934274    1.44271913]     0.134925
[ -5.92326996e-02   3.01260052e+02   8.56921578e-01]     0.063818
[  2.87195847e-01   3.00554638e+02   6.01105765e-01]     0.033883
[  -0.50642855  301.99166466    0.91625809]     0.103451
[   0.61982251  299.62780556    0.50396343]     0.073667
[  -0.39604213  301.44322741    2.27210176]     0.200140
[   0.9889242   301.06304785    1.01376149]     0.112833
[  1.55395412e-01   3.00132135e+02   4.08810097e-01]     0.011760
[ -2.94838414e-01   3.01177971e+02   6.49535148e-01]     0.064320
[   1.23490627  300.13561305    0.88124196]     0.101577
[ -1.38236094e-01   3.01947727e+02   1.15194789e+00]     0.099840
[  1.50615680e-02   3.00289388e+02   3.79615831e-01]     0.008840
[   1.12160645  301.89140484    1.2742018 ]     0.170654
[  2.03277390e-01   2.99170096e+02   6.13866427e-01]     0.104340
[ -2.47972696e-02   3.00231384e+02   6.51069381e-01]     0.028173
[   0.52636462  299.67875286    0.79590319]     0.058951
[ -4.38793921e-02   3.00021047e+02   3.00936572e-01]     0.011584
[  2.33852065e-01   3.00775066e+02   4.58971903e-01]     0.057696
[   0.64380921  298.85591075    1.4623565 ]     0.132045
[  -0.64768241  303.7564425     1.66655997]     0.169550
[ -2.41497946e-03   3.00148489e+02   4.90865628e-01]     0.016332
[ -1.08389186e-01   3.01097426e+02   9.96781867e-01]     0.064143
[   2.75899805  298.33387605    1.84124449]     0.219176
[   0.35015497  299.23405428    0.80681647]     0.085007
[ -1.47113755e-01   3.00233758e+02   5.00685708e-01]     0.020374
[   0.45660266  299.31415753    0.68188445]     0.080497
[   0.82927587  299.53685964    1.72641501]     0.142132
[   0.86355347  301.67749723    1.81114342]     0.168095
[  1.00537597e-01   3.00318795e+02   5.51106459e-01]     0.019120
[   1.40868576  298.9649084     1.29611157]     0.128168
[ -1.02254851e-01   3.00199668e+02   4.43937377e-01]     0.015139
[  2.78518942e-01   2.99131080e+02   1.09071229e+00]     0.101865
[   1.2105455   300.2401822     1.52601677]     0.131357
[   2.39589557  299.84177212    1.68440822]     0.206427
[   0.41944995  301.21123601    0.97144389]     0.080112
[  6.25415709e-02   2.99975557e+02   5.48428644e-01]     0.026306
[  -0.35612496  302.3680714     1.46871936]     0.124765
[  -0.84902971  300.23586022    0.86969801]     0.096276
[  2.37372270e-01   3.00159681e+02   3.53039921e-01]     0.014997
[  -0.44554753  301.26175291    1.01114902]     0.072235
[  5.12945313e-02   2.99143330e+02   1.04013195e+00]     0.105625
[ -1.44680583e-01   3.00096748e+02   1.85021979e-01]     0.021502
[  1.91969433e-01   3.00606911e+02   5.72069619e-01]     0.031504
[   0.31698261  300.1874922     0.55564342]     0.025443
[  3.36258705e-02   2.99889122e+02   5.74449564e-01]     0.033542
[  9.50397879e-03   3.00172957e+02   1.27455476e-01]     0.017352
[  -0.5631698   300.09117144    1.13610234]     0.098193
[   1.65606616  298.72310651    1.53259023]     0.151974
[   2.60581767  298.67647473    1.67371276]     0.204627
[  -0.40434733  302.13396406    1.19301502]     0.105089
[   0.57168141  300.08914612    0.71812274]     0.046750
[  -0.36118363  300.36640275    1.18035208]     0.085996
[ -2.96357583e-01   3.01786315e+02   1.14691451e+00]     0.091757
[   0.32722157  300.38294368    0.48075772]     0.028034
[  -0.3530596   301.06190115    0.85484586]     0.057658
[ -1.37449760e-02   3.00272148e+02   5.88849562e-01]     0.022293
[ -3.05144607e-02   2.99696268e+02   3.69056502e-01]     0.056071
[  6.91216508e-03   3.00026499e+02   5.52514000e-01]     0.025251
[  5.28582254e-02   3.00520918e+02   7.21881026e-01]     0.033347
[  -0.8830035   302.34700173    1.14388834]     0.116888
[   0.35183679  300.92203002    2.41873697]     0.213679
[  1.08573126e-01   3.00341241e+02   4.92495457e-01]     0.016019
[ -1.69946633e-01   3.00840956e+02   6.73036071e-01]     0.040731
[ -1.61185521e-01   2.99094799e+02   8.71833820e-01]     0.116833
[  -1.93478087  304.76919775    1.63530751]     0.205496
[  1.00192052e-02   3.02877601e+02   1.57550187e+00]     0.154155
[   0.81247559  299.36281008    0.3787521 ]     0.202847
[  -1.60629907  300.84781735    1.22621107]     0.164581
[  -0.93222933  301.89527543    1.74831823]     0.151604
[  -1.97750403  303.13480748    2.19763173]     0.238419
[   2.39534605  298.85630646    1.95646432]     0.209012
[  -0.58438664  299.92713867    0.66237753]     0.080545
[  -0.58666487  300.31098137    1.69474503]     0.149941
[ -1.58128496e-01   3.01308978e+02   7.55586150e-01]     0.066685
[   1.43098919  300.08275757    2.26977417]     0.210366
[  -0.42487008  303.00373741    1.71624573]     0.154748
[   1.67275211  297.27765944    2.49631304]     0.250912
[ -1.01255287e-01   3.04455751e+02   1.92826550e+00]     0.218621
[  -0.3090045   300.20816975    1.04286522]     0.073811
[   0.37745098  301.33524601    1.36161426]     0.105306
[  1.42802598e-01   2.99217989e+02   1.56228015e+00]     0.138273
[   1.04930495  296.1701272     1.79209478]     0.262452
[   0.56874962  297.17355795    3.15700938]     0.333836
[  -0.38606394  305.95770762    2.62338828]     0.279161
[  -0.58567131  297.50169541    1.43322262]     0.270003
[  -0.32599231  300.02145479    1.3577993 ]     0.110473
[  -2.30639253  305.41102167    1.836215  ]     0.230002
[  2.00556477e-01   3.01322401e+02   8.58775626e-01]     0.074748
[   0.64409995  301.74692118    1.56929386]     0.141560
[  -0.3890117   302.59960339    1.29298195]     0.125431
[  -0.54002188  299.04141782    0.65574544]     0.183069
[   0.54919348  300.65798964    0.64083031]     0.058358
[  7.90718643e-02   3.01662891e+02   1.51583530e+00]     0.118439
[  -1.65099328  303.31482431    1.05525757]     0.204847
[  -0.59459619  303.88713537    2.08562354]     0.196243
[   1.96763889  300.47711871    1.29581836]     0.179383
[  8.54528078e-02   2.98249716e+02   1.30576713e+00]     0.170088
[   0.38258416  299.65138738    1.5360725 ]     0.121222
[   1.70791246  300.13073193    1.64429411]     0.163626
[   0.54972424  298.78880613    2.02406855]     0.185622
[   0.43533301  301.10839553    1.43868707]     0.109096
[  -0.90739431  300.62699715    1.73731179]     0.162703
[   0.9166118   301.36596741    1.71956023]     0.155308
