[  33.78255165  279.83213142   57.15390928]     8.950366
[ 207.88000582  232.85479432   34.98856021]     5.852712
[  12.38501639  123.60855146   17.74549649]     4.867551
[   5.69908484  206.8778228    27.46607692]     4.044485
[   0.27127056  234.95506422   24.3679494 ]     3.475553
[  90.82059947  249.42030916   15.81434362]     3.052028
[  48.86970789  248.12407321   18.08020684]     2.693449
[  52.13880616  249.16029172   14.42688312]     2.389449
[   0.55200907  242.54011326   12.86904195]     2.136934
[   0.54130724  367.36367996   13.40824346]     1.748649
[   0.48426205  300.33042871   13.33234214]     1.692970
[  2.34328520e-01   3.17886536e+02   1.30267094e+01]     1.651738
[   0.37601378  266.04022931    6.2957468 ]     1.467730
[  2.34328520e-01   3.61797045e+02   5.97029830e+00]     1.050826
[  2.34328520e-01   2.85060697e+02   6.10147064e+00]     0.861388
[   0.32078813  309.60967904    6.24275493]     0.727382
[  1.16005198e-01   3.03958757e+02   6.21843626e+00]     0.701666
[ 326.55896314   46.2495701    53.77952708]     9.205477
[ 209.64735546   89.44643422   31.7991136 ]     6.626752
[  69.87043165  236.34091956   34.3675414 ]     4.941219
[  93.00140561  266.02726205   21.94444233]     4.210351
[  98.54206806  218.22380772   19.49299757]     3.667658
[  78.53269135  235.76790691   19.13383025]     3.193803
[  11.70247825  296.60094317   15.8192318 ]     2.715985
[  27.75668216  275.01655917   18.34855188]     2.625697
[  46.7359605   253.01885483   14.80069336]     2.301101
[   7.57512516  255.26851059   15.46571456]     2.190218
[   3.7690897   255.47913462   14.63750196]     2.103824
[  3.67672404e-02   2.74078410e+02   1.48454094e+01]     1.995678
[  32.24072913  254.53724853   11.02581095]     1.881114
[  2.40201980e-01   2.67866631e+02   1.16443097e+01]     1.654768
[   0.3283029   284.72801726   11.76398206]     1.522252
[ -1.06664748e-01   2.80137683e+02   1.00194724e+01]     1.343792
[  2.94069393e-01   3.61652613e+02   1.00804822e+01]     1.267579
[  3.18158787e-02   3.08094200e+02   1.00434480e+01]     1.227550
[  1.30903742e-01   2.98411126e+02   9.39580564e+00]     1.145828
[   0.32866806  323.90861587    5.71840234]     0.864283
[  9.70904338e-02   3.12077388e+02   5.64918634e+00]     0.663590
[   4.9661424   290.14309463    5.57037792]     0.654674
[   0.37972936  302.33688793    5.66285936]     0.627106
[   2.50278472  455.85121223    7.23065676]     9567.866904
[   5.47991553  351.575169      8.13010236]     43.133137
[   2.04903565  243.21608569    4.19255744]     5.128391
[   6.65128228  255.03954192    5.05457052]     2.544521
[   8.37185418  275.7027257     3.0678466 ]     1.756233
[   2.36182036  317.51429083    4.72418877]     1.386453
[   4.00049851  276.9880056     8.91145232]     1.196286
[   3.746985    299.61735326    8.82423153]     1.129266
[   6.98394845  298.27568288    5.98623432]     0.954519
[   2.33100433  283.97239435    6.93586918]     0.906138
[   8.14559688  280.78679827    6.1936734 ]     0.846553
[   7.81080012  290.96629472    5.86994188]     0.751153
[   0.62949888  290.82510414    6.06602976]     0.748570
[   2.79521729  287.28816866    3.24344887]     0.638791
[   4.57472671  460.93064316    7.32923516]     52851.052714
[   6.38319291  248.81581226    0.87473223]     88.782093
[   1.27770564  208.91805283    3.24366387]     20.503069
[   5.86813049  321.70226199    5.32547692]     5.134077
[   1.82134132  213.51288249    9.1699354 ]     3.383188
[   4.32690809  311.21906913    2.48232127]     2.048198
[   9.33471074  265.45464978    6.98828319]     1.358160
[   2.71310952  301.28381124    9.22257464]     1.156859
[   6.89507798  280.31236706    9.72461035]     1.229488
[   4.36123217  305.63021358    6.91364598]     1.137904
[   8.27109057  295.83540323    6.97897389]     1.073051
[   8.59061475  275.05010013    5.78174338]     1.007866
[  1.27212887e-01   2.95835403e+02   7.80528964e+00]     0.937899
[   7.31758286  288.99553412    6.91364598]     0.850251
[  1.85023955e+00   2.06345698e+02   8.85158823e-02]     28669.645777
[   2.24326903  374.52058877    1.91828943]     112.287322
[   4.4797337   339.44964975    9.32129744]     11.118261
[   9.256944    222.18989936    6.27306345]     4.695031
[   9.29736993  259.53966589    4.05220024]     2.940834
[   9.88685022  301.78318471    9.74854705]     2.161717
[   9.49968239  249.11703786    9.59755669]     1.869563
[   6.13634579  267.5857862     8.0283041 ]     1.308486
[   3.06620293  284.34285721    4.08929037]     0.728543
[   7.16684773  272.20608166    5.74713517]     1.140723
[  2.84241763e-01   3.59967469e+02   7.86940725e+00]     1.046851
[  2.55028619e-01   2.82857043e+02   6.66696791e+00]     0.950772
[   4.19561705  295.60562182    7.53975955]     0.916848
[   0.50247938  293.33932859    7.25909129]     0.872897
[   8.05391326  279.99848182    5.12931511]     0.827202
[  2.66699222e-01   5.15144429e+02   3.25343304e-01]     5936.575150
[   0.5955233   390.19255556    0.54451294]     658.099953
[   0.81803016  230.08710088    0.69605398]     258.335579
[   0.88692147  349.26441293    0.6109225 ]     167.137175
[   0.72116146  264.94731494    0.56080936]     100.124676
[  1.48269072e-01   3.54110106e+02   1.06998062e+00]     51.602890
[   0.49940889  320.12701792    0.53128521]     35.408606
[   0.91658728  273.73475003    0.79226037]     28.220743
[   0.87483369  289.6854164     0.41972611]     15.615889
[   0.79976176  313.15808058    0.53318346]     15.463367
[   0.70356154  305.2454938     0.44742188]     3.480017
[   0.97553855  293.78244054    0.43005235]     5.489173
[   0.923423    296.06558091    0.41779805]     2.412346
[  6.78334179e-02   5.26900169e+02   1.47040945e-01]     24213.776391
[  6.91927847e-02   6.35902741e+02   1.24651924e-01]     8339.564773
[  3.38289194e-02   6.05671752e+02   1.38366704e-01]     4834.444013
[  6.26339229e-03   3.49529406e+02   1.41701835e-01]     3026.396671
[  1.11391831e-02   2.48354223e+02   1.92084554e-01]     1850.882470
[  8.29361012e-02   2.66109997e+02   1.59665593e-01]     1154.000390
[  8.53990615e-02   2.80495102e+02   1.15519374e-01]     731.177858
[ -5.00532173e-02   3.14162786e+02   9.16114505e-02]     602.319280
[  7.54176015e-02   2.93968034e+02   8.88070677e-02]     119.356947
[  2.39139026e-02   3.17647860e+02   1.96203895e-01]     201.025142
[  1.88728601e-02   3.07549795e+02   6.95397604e-02]     297.324894
[  5.20792109e-02   2.87050858e+02   1.85292298e-01]     125.895668
[   3.65542388  406.07359615    1.8569597 ]     1440.545229
[   1.58323405  382.9291602     2.22605217]     87.468152
[   0.47622826  265.94338599    1.36055778]     16.179578
[   4.49774176  261.38244576    2.04838029]     9.238194
[   1.14864037  346.67344757    3.3900212 ]     6.409570
[   0.87272338  270.41139307    2.28767571]     4.490638
[   0.75260738  259.15420125    4.06484857]     3.008474
[   1.86719692  315.5985337     3.93063287]     1.107992
[   2.5418374   308.46522829    4.88111466]     0.800348
[   0.63444193  286.72326527    4.77718362]     0.720732
[   0.61352349  296.34079184    0.79409452]     0.634311
[  9.73306039e-03   2.90548630e+02   4.01319095e+00]     0.593453
[   1.56979347  303.49966862    2.82151624]     0.343894
[   4.39452196  290.38565       4.34121008]     0.523786
[  1.58141161e-01   4.94232432e+02   1.25921460e+00]     260.421524
[  2.07960279e-01   4.09901947e+02   1.62236049e+00]     32.069833
[  1.52339955e-01   2.59147621e+02   2.42012727e+00]     7.536961
[   0.38360809  343.13194975    2.93148179]     4.109091
[   2.32575292  269.74813024    3.25729814]     2.483725
[   0.78404313  322.08257619    3.95532917]     1.131599
[   2.09531753  283.82915743    4.04332128]     0.784662
[   0.83122847  306.37125671    2.55997588]     0.379750
[   3.94792683  290.29262017    3.51865386]     0.475590
[   4.18526438  294.72671182    1.86267071]     0.367251
[   1.0281211   294.53714752    1.44672446]     0.475866
[   1.91882533  298.24056664    0.64160575]     0.399454
[   0.82246625  303.30351745    3.38292941]     0.352993
[   1.51187903  444.50961249    1.63728648]     2107.492037
[   1.51856899  344.00525945    1.02011083]     55.470933
[   1.68469843  219.61397864    4.33951607]     9.240876
[   3.55165998  315.1694303     1.1690369 ]     7.285341
[   4.91405692  310.26354959    3.87552321]     1.624650
[   2.06014206  283.52400359    3.60388532]     0.851450
[   3.05215923  286.61914798    4.58199992]     0.645655
[   1.10132579  302.92739528    3.21823333]     0.340402
[   1.1568422   299.87957611    4.52150653]     0.479049
[   4.76128854  298.7934441     2.46852933]     0.418469
[   0.71445292  494.18713911    4.47728271]     2047.884050
[   4.85426453  346.35757738    3.51205942]     34.845070
[   1.18636235  327.9168817     1.91556995]     6.123398
[   4.11785703  313.8533749     3.09287   ]     2.183315
[   4.72037197  307.7123455     3.80987515]     1.200475
[   0.75940167  285.92141688    3.52997763]     0.768789
[  1.82134462e-01   3.03983159e+02   4.72016944e+00]     0.505155
[   1.24337422  298.89987502    3.59905032]     0.362832
[   3.85554502  297.81492504    2.9647033 ]     0.357451
[  1.36350522e+00   2.35265557e+02   1.75166191e-01]     3497.825093
[   1.48128387  380.30214787    2.73615364]     54.124195
[   2.79095938  202.45890283    4.24717776]     13.954548
[   4.18160858  255.09123565    2.84310772]     6.633760
[   2.03670544  276.80432397    2.35932278]     2.628637
[   1.68702085  317.16364345    2.60316536]     1.764868
[   2.88530648  313.39285062    4.72973655]     1.207568
[   2.71069368  281.47995082    4.55351449]     0.851035
[   1.9399447   287.58050995    4.97924681]     0.668889
[   1.73717217  298.47386462    3.7763501 ]     0.388577
[   1.15297522  302.93290132    2.84310772]     0.304338
[   1.38339707  457.33277573    4.17498787]     2338.670830
[   3.81106372  319.44882832    0.71328831]     27.125141
[   3.8696922   240.6123209     3.38126272]     8.239271
[   3.93822498  243.93786195    4.69002642]     4.153719
[   0.44301183  328.49570474    3.07596744]     1.966520
[   0.53747836  313.58526687    2.34084088]     0.931804
[   0.41419733  314.55909032    3.45916912]     0.664879
[   2.44576716  301.57351707    4.60020947]     0.541477
[   1.96012378  303.62246003    1.39097843]     0.438738
[   2.09451558  301.69689001    3.581783  ]     0.406098
[   3.33118737  298.39215721    3.10127976]     0.353971
[   0.74896034  296.5234917     2.87931016]     0.314153
[   2.43169185  301.49700337    2.00939622]     0.285800
[   3.10993876  298.97815501    1.56346788]     0.248272
[   0.66941645  298.8668699     2.34671176]     0.216979
[  1.32592146e-01   2.98597034e+02   1.98538478e+00]     0.196070
[   0.91007923  297.99641578    1.72331982]     0.176329
[   0.46019128  299.27738461    1.98229767]     0.173658
[   0.72021773  298.23719621    1.63473997]     0.164772
[   0.72021773  298.07729603    1.27559515]     0.160413
[   3.80265965  403.77296425    3.6421663 ]     1052.722769
[   1.62157668  368.88434305    2.94399466]     32.696409
[   3.56548245  330.55806204    2.80157269]     9.056155
[   1.12483815  279.84585442    1.4853369 ]     4.817874
[   2.72942271  323.32975098    3.68058703]     2.926062
[   4.18563809  278.77553634    2.64201611]     1.765253
[   3.92882641  286.96285412    1.9738763 ]     1.148971
[   3.59571514  303.43750103    4.73003001]     0.702765
[   4.21985754  287.78025141    4.37300932]     0.583257
[   4.89888163  298.29625713    2.95167477]     0.441295
[   2.13942882  298.77752706    3.78035488]     0.396175
[   2.11060449  299.79421483    3.38737409]     0.355358
[   1.65871958  298.28446128    3.14641026]     0.312042
[   1.52230165  298.49446183    2.81870241]     0.272344
[  9.77388527e-02   2.98388553e+02   2.45886486e+00]     0.249331
[   1.7197201   298.5686448     2.45886486]     0.234705
[   0.60319219  298.01968476    2.28053027]     0.226613
[   1.76147791  298.35404494    2.2630019 ]     0.216610
[   2.6062546   297.8840123     1.53638885]     0.209224
[   1.83206752  298.35404494    2.03558885]     0.197033
[   1.13746526  477.98197445    3.60215466]     4508.713804
[   2.83503692  346.16528712    3.69974798]     15.014318
[   1.50019658  347.50581709    3.57762057]     7.890493
[   1.12441006  251.3606941     3.96218254]     4.262857
[   2.45561758  276.80738124    4.42517608]     1.123226
[   2.65466982  287.35144412    5.33984547]     0.686953
[   0.89444605  301.3050592     5.23607713]     0.572332
[   1.95644059  291.38991556    4.21976247]     0.519003
[   3.79818771  290.90790716    3.71116963]     0.468378
[   3.31466341  294.57278256    3.81020271]     0.419562
[   4.14768112  298.09728676    3.03288058]     0.386765
[   2.58630572  295.36852549    3.41818808]     0.367249
[   1.6196691   302.76836671    1.14127255]     0.340479
[  1.48834128e-01   3.01003554e+02   3.13936153e+00]     0.301851
[   1.93595729  298.60811861    2.90791705]     0.287746
[   1.21302114  298.24692006    2.79207431]     0.270185
[   1.98900655  300.46017053    2.44312774]     0.254847
[   1.40965878  298.60811861    2.53816926]     0.239556
[   1.71640301  298.34144703    2.39591698]     0.229293
[   0.57822247  301.19550015    2.40733373]     0.214999
[   4.11550785  392.47978695    4.82513481]     545.299418
[   4.84361425  327.82451814    1.25392779]     26.843499
[   1.53216288  343.56623698    3.78328644]     6.057674
[   1.53316822  269.88998324    3.81968796]     1.962585
[   4.96307862  301.8334937     4.47572889]     0.758206
[   4.77566643  286.71943447    4.0084145 ]     0.598881
[   0.96771605  296.76763574    4.76722747]     0.521556
[   3.62887798  302.34126777    2.55859432]     0.489765
[   2.73603084  301.8334937     3.55757822]     0.447423
[   1.95268451  293.33258364    3.55757822]     0.420384
[   2.26108255  301.8334937     3.43018908]     0.402022
[   2.81970274  302.30505618    2.49016097]     0.386918
[   0.61057552  296.9497148     3.38874764]     0.361791
[   3.16477212  300.59819852    2.60626024]     0.351374
[   2.70255549  298.68719798    3.13919546]     0.335485
[   1.12432986  302.60672807    2.75073394]     0.287049
[   2.74695493  298.65820017    2.31143265]     0.252697
[   1.7753365   300.390588      2.23394525]     0.222875
[   1.30752887  300.45578976    2.31143265]     0.214421
[  2.01749349e-01   3.02480597e+02   2.21420329e+00]     0.199602
[  3.21805995e-01   2.34561742e+02   2.07140318e-01]     2555.020339
[   2.62672438  261.73882829    0.85776521]     51.042308
[   2.58082685  342.68080902    3.67842508]     10.691994
[   0.51134171  376.89009781    4.50538933]     3.781634
[   1.13553799  273.12894379    4.07673385]     1.528019
[   2.08870119  278.45374722    4.02245924]     1.108878
[   3.16760181  281.18845867    3.8268396 ]     0.930501
[   0.89347527  288.54832004    4.1012453 ]     0.626377
[   1.36809645  306.41682117    4.57647586]     0.565413
[   1.45892     291.45348111    2.69666863]     0.485518
[   2.44745114  291.4659456     2.89877726]     0.445842
[   4.376961    297.7952765     3.15663124]     0.406042
[   1.93842812  297.72749849    3.65640485]     0.376411
[   4.54366924  297.76942718    2.36087087]     0.358486
[   0.81819325  298.52760455    3.26693377]     0.325371
[   3.45054689  298.29419047    2.56197678]     0.306282
[   0.37284978  298.43636428    2.86590743]     0.286003
[   0.30626645  297.10715307    2.38000648]     0.268870
[   2.74099862  297.31927169    1.31114528]     0.255473
[   3.2149779   297.9916809     1.70224993]     0.245753
[   3.33301197  295.00272695    3.88696033]     0.425839
[   0.59148938  300.81508558    2.00431664]     0.167643
[ -1.31506364e-01   3.01086364e+02   1.24037470e+00]     0.084194
[  9.92426342e-02   3.00455500e+02   7.80410155e-01]     0.037598
[ -9.40658538e-03   3.00381770e+02   6.01106550e-01]     0.023102
[  2.28061425e-01   3.00124851e+02   2.89311978e-01]     0.015783
[  1.18316138e-01   3.00314487e+02   4.11599807e-01]     0.012294
[  1.27822622e-01   3.00211533e+02   3.72421230e-01]     0.008875
[  1.09536794e-02   3.00207524e+02   3.51742333e-01]     0.006177
[ -1.73217518e-02   3.00196905e+02   2.99271681e-01]     0.004453
[ -1.33159968e-02   3.00096148e+02   2.62556223e-01]     0.003572
[  8.42838046e-04   3.00110874e+02   1.32304653e-01]     0.002685
[  2.95206145e-02   3.00152984e+02   1.98031832e-01]     0.001885
[  6.14733983e-02   3.00106565e+02   2.13083611e-01]     0.001501
[  1.24363320e-02   3.00112387e+02   2.30137838e-01]     0.001153
[  8.66008651e-03   3.00133424e+02   1.98031832e-01]     0.000883
[  9.36323289e-03   3.00085373e+02   1.46039803e-01]     0.000153
[   3.09314377  294.79937916    4.44193868]     0.488092
[   1.84854332  296.13485636    2.49839667]     0.273688
[   0.90445051  297.30965855    2.10126935]     0.224556
[  2.04895986e-02   2.99931092e+02   1.62045611e+00]     0.130487
[  2.26462159e-01   3.01421651e+02   9.33681013e-01]     0.081546
[   0.40556446  299.86531705    0.74440685]     0.046388
[ -2.18334555e-02   3.00629644e+02   6.26395790e-01]     0.029856
[ -9.93030550e-02   3.00431199e+02   4.01029948e-01]     0.017694
[ -4.22964050e-02   3.00103594e+02   3.97898240e-01]     0.012200
[ -4.03607196e-02   3.00297191e+02   3.35209271e-01]     0.009043
[  1.07375714e-01   3.00137825e+02   2.06490852e-01]     0.005915
[ -3.51124494e-02   3.00133063e+02   1.57824934e-01]     0.004854
[ -2.97840760e-02   3.00182668e+02   2.66809593e-01]     0.003834
[  5.62091331e-02   3.00137825e+02   1.78491120e-01]     0.002944
[  2.78542657e-02   3.00157824e+02   2.02199442e-01]     0.002021
[ -1.50128006e-03   3.00137825e+02   2.34776455e-01]     0.001528
[  1.80585329e-02   3.00114143e+02   2.34776455e-01]     0.001227
[  5.18827478e-02   3.00087167e+02   1.87575637e-01]     0.001011
[  3.15355042e-03   3.00125506e+02   2.06490852e-01]     0.000803
[  1.65663645e-02   3.00127815e+02   2.06490852e-01]     0.000668
