                                0,50015046  0,5010538        -0,606530
                               -0,49881544 -0,50248936       -0,606526
                                0,50131661 -0,49987816       -0,606529
                               -0,50036188  0,50072893       -0,606530
20 30 0,10 1,003175 4
                                0,50052856  0,4995187        -0,606530
                                0,50073691 -0,49935963       -0,606530
                               -0,49869827 -0,50204743       -0,606527
                               -0,50104967  0,49925869       -0,606530
20 30 0,10 0,990088 4
                                0,49978321  0,50047442       -0,606530
                               -0,50051725  0,49909773       -0,606530
                               -0,49964905 -0,5000238        -0,606531
                                0,50120602 -0,49753329       -0,606526
20 30 0,10 1,107454 4
                               -0,50067199 -0,49920297       -0,606530
                                0,50084506 -0,49944551       -0,606530
                                0,49973366  0,49886251       -0,606529
                               -0,50016737  0,49962786       -0,606531
20 30 0,10 1,014028 4
                                0,49912838 -0,50028112       -0,606530
                               -0,49907661  0,50012911       -0,606530
                               -0,50029331 -0,50014586       -0,606531
                                0,49924082  0,49976046       -0,606530
20 30 0,10 1,027833 4
                               -0,49981183 -0,50028691       -0,606531
                               -0,50097654  0,49989718       -0,606530
                                0,49982714 -0,5006332        -0,606530
                                0,50018162  0,49804645       -0,606527
20 30 0,10 1,070386 4
                                0,5004049   0,49943601       -0,606530
                               -0,50022739  0,50109023       -0,606529
                               -0,49906428 -0,50028801       -0,606530
                                0,49947436 -0,50163289       -0,606529
20 30 0,10 1,023958 4
                               -0,50105538  0,49975474       -0,606530
                               -0,4992784  -0,49985396       -0,606530
                                0,50008483 -0,50025523       -0,606531
                                0,50025315  0,50037015       -0,606530
20 30 0,10 1,082373 4
                               -0,50050683 -0,50028343       -0,606530
                                0,50113134  0,50037199       -0,606529
                               -0,50027261  0,500867         -0,606530
                                0,50003441 -0,49838995       -0,606528
20 30 0,10 1,045689 4
                               -0,50053267 -0,5003712        -0,606530
                               -0,49995034  0,49971867       -0,606531
                                0,50014584 -0,50038563       -0,606530
                                0,50156636  0,49941163       -0,606529
20 30 0,10 1,071540 4
                               -0,49886029 -0,50082118       -0,606529
                                0,499841    0,50010451       -0,606531
                                0,49933193 -0,50018327       -0,606530
                               -0,50193564  0,50013655       -0,606527
20 30 0,10 1,040085 4
                                0,49978764  0,499428         -0,606530
                                0,4982271  -0,50192885       -0,606526
                               -0,50098035  0,49901917       -0,606529
                               -0,50008238 -0,49994043       -0,606531
20 30 0,10 1,065067 4
                               -0,50073727  0,5001408        -0,606530
                               -0,49988547 -0,50045597       -0,606530
                                0,50071077  0,50025272       -0,606530
                                0,49758727 -0,50107365       -0,606526
20 30 0,10 1,063211 4
                               -0,50090949  0,49928161       -0,606530
                               -0,49952077 -0,50128293       -0,606529
                                0,49979682  0,50000908       -0,606531
                                0,49885734 -0,50157984       -0,606528
20 30 0,10 1,071069 4
                                0,49949534  0,49993118       -0,606530
                               -0,50044716 -0,49873624       -0,606529
                                0,49952574 -0,50027877       -0,606530
                               -0,50133174  0,4991125        -0,606529
20 30 0,10 1,034017 4
                                0,49934855 -0,4998514        -0,606530
                                0,49758626  0,50094372       -0,606526
                               -0,49962594 -0,49940993       -0,606530
                               -0,50000209  0,49963346       -0,606531
20 30 0,10 1,015873 4
                               -0,50080052 -0,49960024       -0,606530
                                0,49909141 -0,49976037       -0,606530
                               -0,49879065  0,49917269       -0,606528
                                0,49903239  0,50026572       -0,606530
20 30 0,10 1,083857 4
                               -0,50169704 -0,49948394       -0,606528
                               -0,50010696  0,49998882       -0,606531
                                0,50128215  0,50002662       -0,606529
                                0,50066854 -0,50086784       -0,606529
20 30 0,10 1,064415 4
                               -0,49968257 -0,5002969        -0,606531
                               -0,49943879  0,50023635       -0,606530
                                0,49921299  0,49971732       -0,606530
                                0,49930263 -0,5006131        -0,606530
20 30 0,10 0,994486 4
                                0,49928129 -0,49986694       -0,606530
                               -0,49985889 -0,50009304       -0,606531
                               -0,50159034  0,49830284       -0,606527
                                0,50062121  0,50151049       -0,606528
20 30 0,10 1,083255 4
                                0,49906952  0,50168696       -0,606528
                                0,49990426 -0,49969026       -0,606531
                               -0,50081531 -0,4992301        -0,606530
                               -0,5005772   0,49918772       -0,606530
20 30 0,10 0,990848 4
                                0,50081376  0,50075929       -0,606529
                               -0,50116296  0,49947804       -0,606530
                               -0,50059743 -0,49986601       -0,606530
                                0,50063906 -0,50049044       -0,606530
20 30 0,10 1,097109 4
                               -0,49936361 -0,50208924       -0,606527
                                0,49905094  0,50056297       -0,606530
                                0,50110227 -0,49953101       -0,606530
                               -0,49854284  0,49963835       -0,606528
20 30 0,10 0,990244 4
                               -0,50096308 -0,50080267       -0,606529
                                0,49950603  0,50116588       -0,606530
                               -0,49933313  0,49841762       -0,606527
                                0,49932197 -0,50026641       -0,606530
20 30 0,10 1,065956 4
                                0,50074806 -0,49914673       -0,606530
                               -0,49936585  0,50049487       -0,606530
                                0,50026598  0,49907316       -0,606530
                               -0,50097285 -0,49975787       -0,606530
20 30 0,10 0,995608 4
                               -0,49947656  0,5005401        -0,606530
                               -0,50029416 -0,49911315       -0,606530
                                0,50046543  0,49939767       -0,606530
                                0,50033046 -0,49784394       -0,606527
20 30 0,10 1,087452 4
                               -0,50045164 -0,50078512       -0,606530
                                0,50048934 -0,50016095       -0,606530
                               -0,50052088  0,50040804       -0,606530
                                0,4994474   0,49949902       -0,606530
20 30 0,10 0,992929 4
                                0,50048763  0,50086189       -0,606530
                                0,49976307 -0,50160881       -0,606528
                               -0,49972304 -0,50009432       -0,606531
                               -0,50097787  0,49858656       -0,606529
20 30 0,10 1,082504 4
                                0,50103572  0,50135251       -0,606527
                                0,50028893 -0,49886626       -0,606530
                               -0,49816307 -0,49973971       -0,606527
                               -0,49910434  0,50100035       -0,606530
20 30 0,10 0,995662 4
                                0,49939608 -0,50036019       -0,606530
                               -0,49934645  0,50011911       -0,606530
                                0,49807082  0,49966304       -0,606527
                               -0,49944535 -0,49994258       -0,606530
20 30 0,10 1,073147 4
                               [-0.50270455  0.49876583]       -0.606525
                               [ 0.49819527 -0.50471999]       -0.606513
                               [ 0.50061184  0.50155997]       -0.606528
                               [-0.5002349  -0.50110505]       -0.606529
20 30 0.10 1.033361 4
                               [-0.49953684  0.49909314]       -0.606529
                               [ 0.50039998 -0.50076595]       -0.606530
                               [ 0.50243654  0.50030597]       -0.606525
                               [-0.50014263 -0.50132396]       -0.606529
20 30 0.10 0.986896 4
                               [ 0.50247415  0.49904788]       -0.606526
                               [-0.50067083 -0.49957943]       -0.606530
                               [ 0.49931875 -0.50095837]       -0.606530
                               [-0.49876746  0.49974543]       -0.606529
20 30 0.10 1.061307 4
                               [ 0.49959323 -0.50137061]       -0.606529
                               [-0.50031714 -0.50017447]       -0.606531
                               [ 0.4963293  0.5011727]       -0.606520
                               [-0.49865426  0.50072373]       -0.606529
20 30 0.10 0.981813 4
                               [ 0.49952483  0.49939998]       -0.606530
                               [ 0.49793336 -0.50198276]       -0.606526
                               [-0.50233755  0.49745892]       -0.606523
                               [-0.50210659 -0.49954196]       -0.606527
20 30 0.10 1.016974 4
                               [-0.50283867 -0.50130219]       -0.606520
                               [ 0.50118972 -0.49912986]       -0.606529
                               [ 0.50273899  0.50016398]       -0.606524
                               [-0.49942489  0.50036789]       -0.606530
20 30 0.10 1.014866 4
                               [-0.50132057  0.4995085 ]       -0.606529
                               [-0.49860586 -0.49978707]       -0.606529
                               [ 0.49889857  0.49951451]       -0.606529
                               [ 0.50202736 -0.49789545]       -0.606525
20 30 0.10 1.024908 4
                               [ 0.4994309  -0.49822655]       -0.606527
                               [ 0.50116438  0.49647995]       -0.606521
                               [-0.50071361 -0.50103574]       -0.606529
                               [-0.50236054  0.50109508]       -0.606523
20 30 0.10 0.989200 4
                               [ 0.50022397  0.49932408]       -0.606530
                               [-0.49968684  0.50037765]       -0.606531
                               [-0.49859349 -0.50190508]       -0.606527
                               [ 0.50254567 -0.49890655]       -0.606525
20 30 0.10 1.016351 4
                               [-0.50103327 -0.49699666]       -0.606523
                               [ 0.50150484 -0.49705899]       -0.606523
                               [ 0.50022238  0.50137403]       -0.606529
                               [-0.49958894  0.4978388 ]       -0.606526
20 30 0.10 1.006534 4
                               [-0.50127989  0.50083696]       -0.606528
                               [-0.49972625 -0.4995574 ]       -0.606530
                               [ 0.49731254 -0.49861399]       -0.606520
                               [ 0.50074118  0.49647077]       -0.606520
20 30 0.10 0.975331 4
                               [ 0.50150997 -0.49937733]       -0.606529
                               [-0.49896627 -0.49847724]       -0.606527
                               [ 0.50093929  0.50012613]       -0.606530
                               [-0.49984534  0.49945564]       -0.606530
20 30 0.10 1.017844 4
                               [-0.49761479 -0.50284271]       -0.606522
                               [-0.50212702  0.49989866]       -0.606527
                               [ 0.49914056 -0.50078631]       -0.606530
                               [ 0.49572715  0.50000616]       -0.606514
20 30 0.10 0.991302 4
                               [ 0.50302876  0.49946045]       -0.606523
                               [ 0.49839908 -0.49955972]       -0.606528
                               [-0.50222365 -0.49883907]       -0.606527
                               [-0.50083671  0.50149706]       -0.606527
20 30 0.10 1.019956 4
                               [ 0.50120389  0.49951665]       -0.606529
                               [ 0.50223633 -0.49918849]       -0.606527
                               [-0.50273233 -0.49858886]       -0.606524
                               [-0.50066691  0.50047934]       -0.606530
20 30 0.10 1.013153 4
                               [-0.50224037  0.50138316]       -0.606522
                               [ 0.5005569  -0.50125653]       -0.606529
                               [-0.49917927 -0.50081019]       -0.606530
                               [ 0.50154351  0.49801824]       -0.606527
20 30 0.10 0.993376 4
                               [-0.49837139 -0.49857309]       -0.606525
                               [-0.49930285  0.50076149]       -0.606530
                               [ 0.49828585 -0.500674  ]       -0.606528
                               [ 0.49925362  0.49961855]       -0.606530
20 30 0.10 1.002918 4
                               [-0.50045142  0.49991415]       -0.606530
                               [ 0.50085717 -0.49945245]       -0.606530
                               [ 0.50118557  0.50039433]       -0.606529
                               [-0.50256153 -0.49785691]       -0.606524
20 30 0.10 1.005808 4
                               [-0.50002945  0.49982652]       -0.606531
                               [ 0.50040772 -0.49965576]       -0.606530
                               [ 0.49731801  0.50201362]       -0.606524
                               [-0.50383205 -0.49727787]       -0.606517
20 30 0.10 0.991094 4
                               [ 0.50049889  0.50068927]       -0.606530
                               [ 0.49950039 -0.50239086]       -0.606526
                               [-0.49877855 -0.50105369]       -0.606529
                               [-0.50283038  0.49927781]       -0.606524
20 30 0.10 1.039371 4
                               [ 0.49693811  0.50266851]       -0.606521
                               [-0.49986547 -0.4999924 ]       -0.606531
20 30 0.10 1.135133 2
                               [-0.4993343  -0.50019878]       -0.606530
                               [ 0.50073956  0.49949948]       -0.606530
20 30 0.10 1.151636 2
                               [-0.5002528  -0.49985327]       -0.606531
                               [ 0.49873493  0.49949615]       -0.606529
20 30 0.10 1.134194 2
                               [ 0.49876858  0.50030696]       -0.606529
                               [-0.49989496 -0.49916971]       -0.606530
20 30 0.10 1.190148 2
                               [ 0.49980403  0.50003117]       -0.606531
                               [-0.50070429 -0.50020971]       -0.606530
20 30 0.10 1.109157 2
                               [ 0.50059491  0.49726756]       -0.606525
                               [-0.49988258 -0.50025836]       -0.606531
20 30 0.10 1.242029 2
                               [-0.50033757  0.49878826]       -0.606529
                               [ 0.49878443 -0.50424785]       -0.606516
                               [ 0.50232686  0.50150896]       -0.606522
                               [-0.49883273 -0.50313935]       -0.606523
20 30 0.10 1.103645 4
                               [ 0.49978227 -0.49960349]       -0.606530
                               [-0.49726362  0.49914459]       -0.606522
                               [ 0.50225887  0.50166782]       -0.606521
                               [-0.50236868 -0.49915247]       -0.606526
20 30 0.10 1.149442 4
                               [ 0.49818362  0.50202162]       -0.606526
                               [ 0.49887008 -0.50159378]       -0.606528
                               [-0.50016362 -0.50269533]       -0.606524
                               [-0.49846987  0.50116017]       -0.606528
20 30 0.10 1.144610 4
                               [-0.50029884 -0.50095085]       -0.606530
                               [ 0.50007977 -0.49897875]       -0.606530
                               [ 0.50146297  0.50034312]       -0.606528
                               [-0.49965647  0.49964978]       -0.606530
20 30 0.10 1.145669 4
                               [-0.50001022 -0.49856509]       -0.606529
                               [ 0.50201939 -0.49897824]       -0.606527
                               [-0.49809062  0.49801271]       -0.606521
                               [ 0.500356    0.50061135]       -0.606530
20 30 0.10 1.147491 4
                               [-0.49708122 -0.50182728]       -0.606523
                               [-0.50059686  0.50030651]       -0.606530
                               [ 0.49886842 -0.50037605]       -0.606530
                               [ 0.5007917   0.50167968]       -0.606527
20 30 0.10 1.117813 4
                               [-0.50170524 -0.49923558]       -0.606528
                               [ 0.49903792 -0.50244024]       -0.606526
                               [ 0.49845153  0.49837887]       -0.606525
                               [-0.49885635  0.50001914]       -0.606529
20 30 0.10 1.150768 4
                               [ 0.49833554  0.50073826]       -0.606528
                               [ 0.49981687 -0.49675208]       -0.606521
                               [-0.50054373  0.49928974]       -0.606530
                               [-0.49807172 -0.49645528]       -0.606512
20 30 0.10 1.109556 4
                               [-0.49630434  0.49902363]       -0.606515
                               [ 0.50052066 -0.50007974]       -0.606530
                               [ 0.50147688  0.50256507]       -0.606520
                               [-0.50055134 -0.50056581]       -0.606530
20 30 0.10 1.158746 4
                               [ 0.5003181  -0.49976033]       -0.606531
                               [-0.49838112 -0.50212812]       -0.606526
                               [ 0.50416817  0.49781976]       -0.606516
                               [-0.50046746  0.49907104]       -0.606530
20 30 0.10 1.088680 4
                               [ 0.49680432  0.49959205]       -0.606520
                               [-0.50191939 -0.50049386]       -0.606527
                               [-0.50112107  0.50123271]       -0.606527
                               [ 0.50163938 -0.50086116]       -0.606527
20 30 0.10 1.111566 4
                               [-0.49978814  0.50098122]       -0.606530
                               [-0.50028179 -0.50146433]       -0.606528
                               [ 0.49773706  0.50451613]       -0.606514
                               [ 0.50152003 -0.50185479]       -0.606524
20 30 0.10 1.149583 4
                               [-0.49907016 -0.50006909]       -0.606530
                               [-0.50153257  0.49734239]       -0.606525
                               [ 0.50233575  0.50191367]       -0.606520
                               [ 0.49891295 -0.50061288]       -0.606530
20 30 0.10 1.113728 4
                               [-0.50011593 -0.49896733]       -0.606530
                               [ 0.50095331 -0.49947122]       -0.606530
                               [-0.497604    0.49955775]       -0.606525
                               [ 0.49823953  0.49830337]       -0.606523
20 30 0.10 1.127669 4
