             20 30 0,050000 -0,50002905  0,50037836 -0,606531
             20 30 0,050000  0,49870834  0,50606439 -0,606500
             20 30 0,050000  0,50414498  0,49708211 -0,606515
             20 30 0,050000  0,49505444 -0,50383068 -0,606507
20 30 0,05 0,446643
             20 30 0,100000 -0,49991547 -0,49933112 -0,606530
             20 30 0,100000 -0,49827485  0,50411017 -0,606517
             20 30 0,100000 -0,50011427  0,50029764 -0,606531
             20 30 0,100000  0,50143937  0,50244654 -0,606521
20 30 0,10 0,445382
             20 30 0,200000 -0,50014281 -0,49958185 -0,606531
             20 30 0,200000 -0,49970954  0,49987267 -0,606531
             20 30 0,200000 -0,49973905  0,50000806 -0,606531
             20 30 0,200000  0,50026749 -0,5004536  -0,606530
20 30 0,20 0,503344
             20 50 0,050000 -0,50402804 -0,4990905  -0,606517
             20 50 0,050000 -0,4988498  -0,49597131 -0,606512
             20 50 0,050000 -0,4944698   0,49805249 -0,606493
             20 50 0,050000  0,50155411  0,49506229 -0,606511
20 50 0,05 0,807970
             20 50 0,100000  0,49801442  0,49925622 -0,606526
             20 50 0,100000  0,50035286 -0,49969984 -0,606531
             20 50 0,100000 -0,50327511  0,49815215 -0,606521
             20 50 0,100000 -0,50071735 -0,50167031 -0,606527
20 50 0,10 0,738009
             20 50 0,200000 -0,49991887  0,50051575 -0,606530
             20 50 0,200000  0,50004731 -0,50028528 -0,606531
             20 50 0,200000  0,50001219  0,50060293 -0,606530
             20 50 0,200000  0,49984643  0,50021531 -0,606531
20 50 0,20 0,875066
             20 70 0,050000  0,50154453 -0,500709   -0,606527
             20 70 0,050000  0,50252457 -0,49971119 -0,606525
             20 70 0,050000 -0,50157463  0,49556623 -0,606515
             20 70 0,050000  0,49938334  0,50260634 -0,606525
20 70 0,05 1,043059
             20 70 0,100000 -0,49832928 -0,50136578 -0,606528
             20 70 0,100000  0,49937384 -0,49928076 -0,606530
             20 70 0,100000  0,50030235  0,49970739 -0,606531
             20 70 0,100000 -0,50109045  0,49783159 -0,606527
20 70 0,10 1,140430
             20 70 0,200000 -0,49976389 -0,50024407 -0,606531
             20 70 0,200000  0,49971997  0,49986969 -0,606531
             20 70 0,200000 -0,50024583  0,4995385  -0,606530
             20 70 0,200000  0,49992966  0,49981006 -0,606531
20 70 0,20 1,145853
             20 100 0,050000  0,4964532   0,49895522 -0,606516
             20 100 0,050000  0,49806858 -0,50304283 -0,606522
             20 100 0,050000 -0,50317702 -0,50018238 -0,606521
             20 100 0,050000 -0,50046401 -0,49868525 -0,606529
20 100 0,05 1,747088
             20 100 0,100000 -0,50135676  0,49918696 -0,606529
             20 100 0,100000 -0,49977693 -0,50112114 -0,606530
             20 100 0,100000  0,4995151   0,49928467 -0,606530
             20 100 0,100000 -0,50056256 -0,49992986 -0,606530
20 100 0,10 1,559360
             20 100 0,200000  0,50004161  0,49957139 -0,606531
             20 100 0,200000 -0,49987466 -0,50025762 -0,606531
             20 100 0,200000 -0,49996246  0,49996646 -0,606531
             20 100 0,200000 -0,49982183  0,50020432 -0,606531
20 100 0,20 1,527254
             35 30 0,050000 -0,50178346  0,50113079 -0,606525
             35 30 0,050000 -0,49920027 -0,49790932 -0,606525
             35 30 0,050000 -0,50319425 -0,49746721 -0,606520
             35 30 0,050000 -0,50361461 -0,50197745 -0,606511
35 30 0,05 0,772707
             35 30 0,100000 -0,50028854 -0,50029291 -0,606530
             35 30 0,100000  0,50027217  0,50009062 -0,606531
             35 30 0,100000 -0,50039977  0,49953921 -0,606530
             35 30 0,100000  0,49970837 -0,49982922 -0,606531
35 30 0,10 0,847022
             35 30 0,200000  0,49999431 -0,50000066 -0,606531
             35 30 0,200000 -0,49999856  0,50001617 -0,606531
             35 30 0,200000 -0,49998223 -0,49999033 -0,606531
             35 30 0,200000 -0,49998393 -0,50000871 -0,606531
35 30 0,20 0,803060
             35 50 0,050000  0,49923159 -0,49846949 -0,606527
             35 50 0,050000 -0,49978244  0,4981824  -0,606527
             35 50 0,050000  0,50019355  0,4996     -0,606531
             35 50 0,050000 -0,49919799 -0,50168982 -0,606528
35 50 0,05 1,382533
             35 50 0,100000 -0,50014876  0,49988021 -0,606531
             35 50 0,100000 -0,49977145 -0,49974869 -0,606531
             35 50 0,100000 -0,50024687 -0,50016537 -0,606531
             35 50 0,100000 -0,49977775 -0,49943711 -0,606530
35 50 0,10 1,331949
             35 50 0,200000 -0,50001606 -0,49999977 -0,606531
             35 50 0,200000  0,49999915  0,50000183 -0,606531
             35 50 0,200000  0,49999812 -0,49999419 -0,606531
             35 50 0,200000  0,49999627  0,49999934 -0,606531
35 50 0,20 1,420297
             35 70 0,050000  0,49964427  0,50193745 -0,606528
             35 70 0,050000 -0,5011976   0,49852193 -0,606528
             35 70 0,050000 -0,50391625 -0,49912518 -0,606518
             35 70 0,050000 -0,50133487 -0,49770508 -0,606526
35 70 0,05 1,882102
             35 70 0,100000 -0,49989112 -0,49970871 -0,606531
             35 70 0,100000  0,50024502 -0,4998984  -0,606531
             35 70 0,100000  0,49885991 -0,50020523 -0,606530
             35 70 0,100000  0,49962428  0,50043216 -0,606530
35 70 0,10 1,878359
             35 70 0,200000  0,50000097 -0,5000039  -0,606531
             35 70 0,200000 -0,4999861  -0,50000678 -0,606531
             35 70 0,200000 -0,50000001  0,49999859 -0,606531
             35 70 0,200000 -0,50000641  0,50000225 -0,606531
35 70 0,20 1,911638
             35 100 0,050000  0,49952959  0,49906273 -0,606529
             35 100 0,050000 -0,49918163  0,50011563 -0,606530
             35 100 0,050000 -0,49903096  0,50107948 -0,606529
             35 100 0,050000  0,49932993 -0,49956626 -0,606530
35 100 0,05 2,690113
             35 100 0,100000  0,50003592 -0,5001412  -0,606531
             35 100 0,100000 -0,49995804  0,49987169 -0,606531
             35 100 0,100000 -0,49989199 -0,49993115 -0,606531
             35 100 0,100000 -0,49989327 -0,49997169 -0,606531
35 100 0,10 2,804239
             35 100 0,200000 -0,50002087  0,49999574 -0,606531
             35 100 0,200000  0,50000436  0,49999949 -0,606531
             35 100 0,200000 -0,50000209 -0,50001005 -0,606531
             35 100 0,200000  0,49999227  0,50001249 -0,606531
35 100 0,20 2,764054
             50 30 0,050000 -0,49963365 -0,49810655 -0,606527
             50 30 0,050000  0,50010102  0,49915458 -0,606530
             50 30 0,050000  0,4999075 -0,4990872 -0,606530
             50 30 0,050000  0,49998348 -0,50006388 -0,606531
50 30 0,05 1,103037
             50 30 0,100000  0,49992441 -0,50013736 -0,606531
             50 30 0,100000  0,499911    0,50008364 -0,606531
             50 30 0,100000  0,49990741  0,50002019 -0,606531
             50 30 0,100000 -0,49987523  0,50003032 -0,606531
50 30 0,10 1,239511
             50 30 0,200000  0,50000021 -0,49999939 -0,606531
             50 30 0,200000 -0,50000057  0,49999988 -0,606531
             50 30 0,200000 -0,49999949 -0,49999992 -0,606531
             50 30 0,200000 -0,5000005  -0,50000053 -0,606531
50 30 0,20 1,347866
             50 50 0,050000 -0,49985355  0,4987579  -0,606529
             50 50 0,050000 -0,5006486  -0,49912533 -0,606530
             50 50 0,050000 -0,50042704 -0,50008021 -0,606530
             50 50 0,050000  0,49999921  0,49971386 -0,606531
50 50 0,05 3,291362
             50 50 0,100000  0,50003372 -0,49993491 -0,606531
             50 50 0,100000 -0,50003978  0,50003352 -0,606531
             50 50 0,100000 -0,50009297  0,49997584 -0,606531
             50 50 0,100000  0,49996007  0,49999703 -0,606531
50 50 0,10 1,909354
             50 50 0,200000 -0,49999949  0,49999992 -0,606531
             50 50 0,200000  0,49999997 -0,5000006  -0,606531
             50 50 0,200000  0,50000007 -0,50000023 -0,606531
             50 50 0,200000  0,49999958 -0,49999979 -0,606531
50 50 0,20 1,973459
             50 70 0,050000 -0,4995334  -0,50028919 -0,606530
             50 70 0,050000  0,50018484  0,50008955 -0,606531
             50 70 0,050000  0,49812241  0,501021   -0,606528
             50 70 0,050000  0,49935088  0,50007882 -0,606530
50 70 0,05 2,644817
             50 70 0,100000  0,49995618 -0,50006267 -0,606531
             50 70 0,100000 -0,50000342 -0,50002712 -0,606531
             50 70 0,100000 -0,49993069  0,50009524 -0,606531
             50 70 0,100000 -0,50000063  0,50000136 -0,606531
50 70 0,10 2,806284
             50 70 0,200000  0,50000004 -0,50000006 -0,606531
             50 70 0,200000 -0,5000003  -0,49999958 -0,606531
             50 70 0,200000  0,50000023  0,49999973 -0,606531
             50 70 0,200000 -0,50000033  0,49999969 -0,606531
50 70 0,20 2,817763
             50 100 0,050000  0,5006577  -0,50001085 -0,606530
             50 100 0,050000 -0,50035469  0,49996458 -0,606531
             50 100 0,050000 -0,49941458  0,50134601 -0,606529
             50 100 0,050000 -0,5005154   0,49962709 -0,606530
50 100 0,05 4,036486
             50 100 0,100000 -0,50001742 -0,50000315 -0,606531
             50 100 0,100000 -0,50003763  0,49996485 -0,606531
             50 100 0,100000 -0,49999985  0,49990792 -0,606531
             50 100 0,100000 -0,49990059  0,50001592 -0,606531
50 100 0,10 4,892639
             50 100 0,200000  0,49999978 -0,50000046 -0,606531
             50 100 0,200000 -0,49999961  0,49999978 -0,606531
             50 100 0,200000 -0,5000001  0,5       -0,606531
             50 100 0,200000 -0,49999974  0,50000009 -0,606531
50 100 0,20 4,219757
             65 30 0,050000 -0,49996404  0,49974564 -0,606531
             65 30 0,050000  0,50064644  0,50023497 -0,606530
             65 30 0,050000  0,49894496  0,50036644 -0,606530
             65 30 0,050000  0,50040186 -0,4998273  -0,606531
65 30 0,05 1,608298
             65 30 0,100000  0,49999323  0,50002262 -0,606531
             65 30 0,100000 -0,50001003 -0,49998858 -0,606531
             65 30 0,100000  0,49999802 -0,49997348 -0,606531
             65 30 0,100000 -0,49998132 -0,50000467 -0,606531
65 30 0,10 1,499070
             65 30 0,200000 -0,50000002  0,49999999 -0,606531
             65 30 0,200000  0,50000001 -0,49999999 -0,606531
             65 30 0,200000 -0,5        -0,50000001 -0,606531
             65 30 0,200000  0,49999999 -0,50000002 -0,606531
65 30 0,20 1,500146
             65 50 0,050000  0,50005451 -0,499845   -0,606531
             65 50 0,050000  0,49998269  0,50041301 -0,606531
             65 50 0,050000 -0,50075683 -0,5000581  -0,606530
             65 50 0,050000 -0,50020279 -0,49949198 -0,606530
65 50 0,05 2,698192
             65 50 0,100000 -0,49998932  0,49999606 -0,606531
             65 50 0,100000  0,50000071 -0,49999101 -0,606531
             65 50 0,100000  0,49999688  0,49998965 -0,606531
             65 50 0,100000 -0,50001811 -0,49998083 -0,606531
65 50 0,10 2,719649
             65 50 0,200000  0,49999999 -0,50000002 -0,606531
             65 50 0,200000 -0,50000002 -0,49999999 -0,606531
             65 50 0,200000 -0,5         0,49999999 -0,606531
             65 50 0,200000 -0,5         0,49999998 -0,606531
65 50 0,20 3,756919
             65 70 0,050000 -0,50041955 -0,499941   -0,606531
             65 70 0,050000  0,4998023   0,50039194 -0,606531
             65 70 0,050000  0,5002936   0,49974343 -0,606531
             65 70 0,050000  0,50028779 -0,49947934 -0,606530
65 70 0,05 3,547988
             65 70 0,100000  0,50002936 -0,5000094  -0,606531
             65 70 0,100000 -0,50000471 -0,49999704 -0,606531
             65 70 0,100000 -0,49999972 -0,5000044  -0,606531
             65 70 0,100000 -0,50001398 -0,50000033 -0,606531
65 70 0,10 3,724904
             65 70 0,200000  0,5        -0,50000001 -0,606531
             65 70 0,200000  0,5  0,5 -0,606531
             65 70 0,200000 -0,50000001 -0,49999999 -0,606531
             65 70 0,200000 -0,5         0,49999999 -0,606531
65 70 0,20 3,957838
             65 100 0,050000 -0,49991859  0,50006217 -0,606531
             65 100 0,050000 -0,50009877 -0,50042843 -0,606530
             65 100 0,050000  0,49967929 -0,49990956 -0,606531
             65 100 0,050000  0,50021327  0,4997381  -0,606531
65 100 0,05 6,398611
             65 100 0,100000  0,49999853 -0,49998591 -0,606531
             65 100 0,100000 -0,50000121  0,50001949 -0,606531
             65 100 0,100000 -0,50001035  0,49999415 -0,606531
             65 100 0,100000  0,49999404  0,50001851 -0,606531
65 100 0,10 5,813854
             65 100 0,200000  0,5        -0,50000001 -0,606531
             65 100 0,200000  0,50000001  0,49999999 -0,606531
             65 100 0,200000 -0,50000001 -0,5        -0,606531
             65 100 0,200000  0,50000001  0,50000001 -0,606531
65 100 0,20 5,008736
